[header_top.jpg]
moddate=9188cc5c2926cd01
width=1000
height=250
text=2;169;41;Πανεπιστήμιο Κυκλάδων;Arial Black;0.022957,-0.002859,0.107430,0.000000;v1,4280163719,4293454056,128.000000,1.000000,0.130841,1.000000,400,2,49152;;196;69;Τμήμα: Μηχανικών Σχεδίασης Ποδηλάτων ;Arial Black;0.043108,0.150094,0.053619,0.000000;v1,4280163719,4293454056,128.000000,1.000000,0.130841,1.000000,400,2,49152;;
textactive=1
[header_top.1.jpg]
moddate=87a6f3054834cd01
width=1200
height=250
text=1;154;33;Σύστημα “ΘΗΣΕΑΣ”;Arial;0.403904,0.312113,0.095640,0.000000;v1,4287404494,4278190080,128.000000,1.000000,0.000000,1.000000,400,0,49152;;
textactive=1
